 

stn    time           nto002d0  hns000d0
KLO    20160101              0         0
KLO    20160102              0         0
KLO    20160103              0         0
KLO    20160104              0         0
KLO    20160105              0         0
KLO    20160106              0         0
KLO    20160107              0         0
KLO    20160108              0         0
KLO    20160109              0         0
KLO    20160110              0         0
KLO    20160111              0         0
KLO    20160112              0         0
KLO    20160113              0         0
KLO    20160114              0         1
KLO    20160115              0         2
KLO    20160116              0         1
KLO    20160117              0         0
KLO    20160118              0         0
KLO    20160119              0         4
KLO    20160120              0         0
KLO    20160121              0         0
KLO    20160122              0         0
KLO    20160123              0         0
KLO    20160124              0         0
KLO    20160125              0         0
KLO    20160126              0         0
KLO    20160127              0         0
KLO    20160128              0         0
KLO    20160129              0         0
KLO    20160130              0         0
KLO    20160131              0         0
KLO    20160201              0         0
KLO    20160202              0         0
KLO    20160203              0         0
KLO    20160204              0         0
KLO    20160205              0         0
KLO    20160206              0         0
KLO    20160207              0         0
KLO    20160208              0         0
KLO    20160209              0         1
KLO    20160210              0         0
KLO    20160211              0         0
KLO    20160212              0         0
KLO    20160213              0         0
KLO    20160214              0         0
KLO    20160215              0         0
KLO    20160216              0         0
KLO    20160217              0         0
KLO    20160218              0         0
KLO    20160219              0         0
KLO    20160220              0         0
KLO    20160221              0         0
KLO    20160222              0         0
KLO    20160223              0         0
KLO    20160224              0         4
KLO    20160225              0         0
KLO    20160226              0         0
KLO    20160227              0         0
KLO    20160228              0         0
KLO    20160229              0         6
KLO    20160301              0         0
KLO    20160302              0         0
KLO    20160303              0         0
KLO    20160304              0         0
KLO    20160305              0         0
KLO    20160306              0         0
KLO    20160307              0         6
KLO    20160308              0         0
KLO    20160309              0         0
KLO    20160310              1         0
KLO    20160311              0         0
KLO    20160312              0         0
KLO    20160313              0         0
KLO    20160314              0         0
KLO    20160315              0         0
KLO    20160316              0         0
KLO    20160317              1         0
KLO    20160318              1         0
KLO    20160319              1         0
KLO    20160320              0         0
KLO    20160321              0         0
KLO    20160322              0         0
KLO    20160323              0         0
KLO    20160324              0         0
KLO    20160325              0         0
KLO    20160326              0         0
KLO    20160327              0         0
KLO    20160328              0         0
KLO    20160329              0         0
KLO    20160330              0         0
KLO    20160331              0         0
KLO    20160401              0         0
KLO    20160402              0         0
KLO    20160403              0         0
KLO    20160404              0         0
KLO    20160405              0         0
KLO    20160406              0         0
KLO    20160407              0         0
KLO    20160408              0         0
KLO    20160409              0         0
KLO    20160410              0         0
KLO    20160411              0         0
KLO    20160412              0         0
KLO    20160413              0         0
KLO    20160414              0         0
KLO    20160415              0         0
KLO    20160416              0         0
KLO    20160417              0         0
KLO    20160418              0         0
KLO    20160419              0         0
KLO    20160420              1         0
KLO    20160421              0         0
KLO    20160422              0         0
KLO    20160423              0         0
KLO    20160424              0         0
KLO    20160425              0         0
KLO    20160426              0         0
KLO    20160427              0         0
KLO    20160428              0         0
KLO    20160429              0         0
KLO    20160430              0         0
KLO    20160501              0         0
KLO    20160502              0         0
KLO    20160503              0         0
KLO    20160504              0         0
KLO    20160505              1         0
KLO    20160506              1         0
KLO    20160507              0         0
KLO    20160508              1         0
KLO    20160509              0         0
KLO    20160510              0         0
KLO    20160511              0         0
KLO    20160512              0         0
KLO    20160513              0         0
KLO    20160514              0         0
KLO    20160515              0         0
KLO    20160516              0         0
KLO    20160517              0         0
KLO    20160518              0         0
KLO    20160519              0         0
KLO    20160520              0         0
KLO    20160521              0         0
KLO    20160522              0         0
KLO    20160523              0         0
KLO    20160524              0         0
KLO    20160525              0         0
KLO    20160526              0         0
KLO    20160527              0         0
KLO    20160528              0         0
KLO    20160529              0         0
KLO    20160530              0         0
KLO    20160531              0         0
KLO    20160601              0         0
KLO    20160602              0         0
KLO    20160603              0         0
KLO    20160604              0         0
KLO    20160605              0         0
KLO    20160606              0         0
KLO    20160607              0         0
KLO    20160608              0         0
KLO    20160609              0         0
KLO    20160610              0         0
KLO    20160611              0         0
KLO    20160612              0         0
KLO    20160613              0         0
KLO    20160614              0         0
KLO    20160615              0         0
KLO    20160616              0         0
KLO    20160617              0         0
KLO    20160618              0         0
KLO    20160619              0         0
KLO    20160620              0         0
KLO    20160621              0         0
KLO    20160622              0         0
KLO    20160623              1         0
KLO    20160624              0         0
KLO    20160625              0         0
KLO    20160626              0         0
KLO    20160627              0         0
KLO    20160628              0         0
KLO    20160629              0         0
KLO    20160630              0         0
KLO    20160701              0         0
KLO    20160702              0         0
KLO    20160703              0         0
KLO    20160704              0         0
KLO    20160705              0         0
KLO    20160706              0         0
KLO    20160707              0         0
KLO    20160708              0         0
KLO    20160709              0         0
KLO    20160710              0         0
KLO    20160711              0         0
KLO    20160712              0         0
KLO    20160713              0         0
KLO    20160714              0         0
KLO    20160715              0         0
KLO    20160716              0         0
KLO    20160717              1         0
KLO    20160718              1         0
KLO    20160719              1         0
KLO    20160720              1         0
KLO    20160721              0         0
KLO    20160722              0         0
KLO    20160723              0         0
KLO    20160724              0         0
KLO    20160725              0         0
KLO    20160726              0         0
KLO    20160727              0         0
KLO    20160728              0         0
KLO    20160729              0         0
KLO    20160730              0         0
KLO    20160731              0         0
KLO    20160801              0         0
KLO    20160802              0         0
KLO    20160803              0         0
KLO    20160804              0         0
KLO    20160805              0         0
KLO    20160806              0         0
KLO    20160807              1         0
KLO    20160808              0         0
KLO    20160809              0         0
KLO    20160810              0         0
KLO    20160811              0         0
KLO    20160812              0         0
KLO    20160813              1         0
KLO    20160814              0         0
KLO    20160815              0         0
KLO    20160816              0         0
KLO    20160817              0         0
KLO    20160818              0         0
KLO    20160819              0         0
KLO    20160820              0         0
KLO    20160821              0         0
KLO    20160822              0         0
KLO    20160823              1         0
KLO    20160824              1         0
KLO    20160825              1         0
KLO    20160826              1         0
KLO    20160827              0         0
KLO    20160828              0         0
KLO    20160829              0         0
KLO    20160830              0         0
KLO    20160831              1         0
KLO    20160901              0         0
KLO    20160902              0         0
KLO    20160903              0         0
KLO    20160904              0         0
KLO    20160905              0         0
KLO    20160906              0         0
KLO    20160907              1         0
KLO    20160908              1         0
KLO    20160909              1         0
KLO    20160910              0         0
KLO    20160911              0         0
KLO    20160912              1         0
KLO    20160913              1         0
KLO    20160914              1         0
KLO    20160915              0         0
KLO    20160916              0         0
KLO    20160917              0         0
KLO    20160918              0         0
KLO    20160919              0         0
KLO    20160920              0         0
KLO    20160921              0         0
KLO    20160922              0         0
KLO    20160923              0         0
KLO    20160924              0         0
KLO    20160925              0         0
KLO    20160926              0         0
KLO    20160927              0         0
KLO    20160928              0         0
KLO    20160929              1         0
KLO    20160930              1         0
KLO    20161001              0         0
KLO    20161002              0         0
KLO    20161003              0         0
KLO    20161004              0         0
KLO    20161005              0         0
KLO    20161006              0         0
KLO    20161007              0         0
KLO    20161008              0         0
KLO    20161009              0         0
KLO    20161010              0         0
KLO    20161011              0         0
KLO    20161012              0         0
KLO    20161013              0         0
KLO    20161014              0         0
KLO    20161015              0         0
KLO    20161016              0         0
KLO    20161017              0         0
KLO    20161018              0         0
KLO    20161019              0         0
KLO    20161020              0         0
KLO    20161021              0         0
KLO    20161022              0         0
KLO    20161023              0         0
KLO    20161024              0         0
KLO    20161025              0         0
KLO    20161026              0         0
KLO    20161027              1         0
KLO    20161028              0         0
KLO    20161029              0         0
KLO    20161030              0         0
KLO    20161031              0         0
KLO    20161101              0         0
KLO    20161102              0         0
KLO    20161103              0         0
KLO    20161104              0         0
KLO    20161105              0         0
KLO    20161106              0         0
KLO    20161107              0         0
KLO    20161108              0         0
KLO    20161109              0         0
KLO    20161110              0         0
KLO    20161111              0         0
KLO    20161112              0         0
KLO    20161113              0         0
KLO    20161114              0         0
KLO    20161115              0         0
KLO    20161116              0         0
KLO    20161117              0         0
KLO    20161118              0         0
KLO    20161119              0         0
KLO    20161120              0         0
KLO    20161121              0         0
KLO    20161122              0         0
KLO    20161123              0         0
KLO    20161124              0         0
KLO    20161125              0         0
KLO    20161126              0         0
KLO    20161127              0         0
KLO    20161128              1         0
KLO    20161129              1         0
KLO    20161130              1         0
KLO    20161201              0         0
KLO    20161202              1         0
KLO    20161203              0         0
KLO    20161204              0         0
KLO    20161205              0         0
KLO    20161206              0         0
KLO    20161207              0         0
KLO    20161208              0         0
KLO    20161209              0         0
KLO    20161210              1         0
KLO    20161211              0         0
KLO    20161212              0         0
KLO    20161213              0         0
KLO    20161214              0         0
KLO    20161215              0         0
KLO    20161216              0         0
KLO    20161217              0         0
KLO    20161218              0         0
KLO    20161219              0         0
KLO    20161220              0         0
KLO    20161221              0         0
KLO    20161222              0         0
KLO    20161223              0         0
KLO    20161224              0         0
KLO    20161225              0         0
KLO    20161226              0         0
KLO    20161227              0         0
KLO    20161228              1         0
KLO    20161229              0         0
KLO    20161230              0         0
KLO    20161231              0         0

